NOAA 01                  
1 04793U 70106A   19266.28209326 -.00000059  00000-0 -87735-4 0  9993
2 04793 101.6957 333.5537 0032100  99.5019 309.6682 12.53991410232952
NOAA 02                  
1 06235U 72082A   19266.54937206 -.00000011  00000-0  21420-3 0  9990
2 06235 101.8067 232.3985 0003768 183.9330 287.2945 12.53118573147201
NOAA 03                  
1 06920U 73086A   19266.51665115 -.00000052  00000-0 -55329-4 0  9992
2 06920 102.0625 234.7354 0006613 337.8611 130.5880 12.40341422 77257
NOAA 04                  
1 07529U 74089A   19266.53944656 -.00000021  00000-0  15105-3 0  9996
2 07529 101.7643 233.2385 0008531 218.5871 253.2826 12.53134452 51792
NOAA 05                  
1 09057U 76077A   19266.54544733 -.00000053  00000-0 -69915-4 0  9991
2 09057 101.9434 235.4072 0009564 184.9347 286.7965 12.37747747950497
NOAA 06                  
1 11416U 79057A   19266.49984894  .00000019  00000-0  23025-4 0  9996
2 11416  98.6440 260.4645 0009757 328.3593  31.7004 14.33544303 98747
NOAA 07                  
1 12553U 81059A   19266.51341207 -.00000010  00000-0  18051-4 0  9997
2 12553  99.0975 276.1006 0012456  70.1633  41.6361 14.17263273976668
NOAA 08                  
1 13923U 83022A   19266.53862091  .00000011  00000-0  21743-4 0  9994
2 13923  98.5912 250.3526 0014052 250.6548 109.3115 14.28681441900175
NOAA 09                  
1 15427U 84123A   19266.54079828  .00000001  00000-0  23075-4 0  9996
2 15427  98.9008 215.3628 0015684 117.1734  19.3655 14.16076720795600
NOAA 10                  
1 16969U 86073A   19266.57030416  .00000004  00000-0  18823-4 0  9995
2 16969  98.4852 260.3592 0012335   7.1323 100.2391 14.28078779718663
NOAA 11                  
1 19531U 88089A   19266.51225010 -.00000028  00000-0  64395-5 0  9995
2 19531  98.4409 295.6694 0011378 170.0990 190.0411 14.15245175599916
NOAA 12                  
1 21263U 91032A   19266.54306781 -.00000009  00000-0  13928-4 0  9994
2 21263  98.5157 279.2050 0014117  24.1961 335.9879 14.25898771474778
NOAA 13                  
1 22739U 93050A   19266.55827734  .00000014  00000-0  29569-4 0  9995
2 22739  98.4688 284.1162 0008868 329.7383  30.3277 14.12737146346390
NOAA 14                  
1 23455U 94089A   19266.50877435 -.00000036  00000-0  29364-5 0  9991
2 23455  98.5868 324.0737 0008562 312.6664  47.3788 14.14134353275909
NOAA 15                  
1 25338U 98030A   19266.53118207  .00000024  00000-0  28994-4 0  9994
2 25338  98.7430 287.6038 0009742 326.7808  33.2759 14.25931815111049
NOAA 16                  
1 26536U 00055A   19266.50781363 -.00000021  00000-0  11827-4 0  9996
2 26536  98.7679 336.5419 0011459 126.3409 233.8823 14.13235652979901
NOAA 17                  
1 27453U 02032A   19266.51369593  .00000010  00000-0  22511-4 0  9999
2 27453  98.5456 214.3784 0010746 302.5880  57.4262 14.25047544896738
NOAA 18                  
1 28654U 05018A   19266.54321279  .00000059  00000-0  56831-4 0  9997
2 28654  99.0863 314.9187 0013307 264.6521  95.3132 14.12453495739184
NOAA 19                  
1 33591U 09005A   19266.53033066  .00000013  00000-0  32258-4 0  9993
2 33591  99.1868 260.0265 0014939 105.8759 254.4060 14.12377198547589
NOAA 20                  
1 43013U 17073A   19266.51356375  .00000003  00000-0  22132-4 0  9995
2 43013  98.7252 203.2199 0001335  70.3998 289.7322 14.19543706 95647
