ORBCOMM FM 8                 
1 25112U 97084A   20030.33573288  .00000067  00000-0  67530-4 0  9991
2 25112  45.0177   4.4813 0006341  60.2221 299.9258 14.39022073158137
ORBCOMM FM 10                 
1 25113U 97084B   20030.31717662  .00000046  00000-0  60691-4 0  9994
2 25113  45.0189   5.9830 0005101  21.4318 338.6744 14.38999948333145
ORBCOMM FM 11                 
1 25114U 97084C   20030.31655025  .00000030  00000-0  55544-4 0  9993
2 25114  45.0174   5.2715 0005810  25.2139 334.8993 14.38961675158128
ORBCOMM FM 12                 
1 25115U 97084D   20030.35889235 -.00000006  00000-0  44116-4 0  9997
2 25115  45.0181   4.8075 0004787  22.9096 337.1966 14.38983157157943
ORBCOMM FM 9                 
1 25116U 97084E   20030.36233687  .00000033  00000-0  56469-4 0  9996
2 25116  45.0186   5.3474 0006391  13.0955 347.0059 14.38995069158169
ORBCOMM FM 5                 
1 25117U 97084F   20030.33453637  .00000011  00000-0  49561-4 0  9994
2 25117  45.0182   5.6759 0001558   6.3208 353.7661 14.38973727157216
ORBCOMM FM 6                 
1 25118U 97084G   20030.34862105  .00000024  00000-0  53480-4 0  9999
2 25118  45.0180   5.3600 0001421   1.6529 148.0831 14.39010737158130
ORBCOMM FM 7                 
1 25119U 97084H   20030.34558124  .00000057  00000-0  64256-4 0  9992
2 25119  45.0174   5.5994 0003167  12.5422 347.5505 14.38982240158134
ORBCOMM FM 4                 
1 25159U 98007C   20030.38545181  .00000029  00000-0  61970-4 0  9994
2 25159 107.9997  80.7228 0041733  59.2009 301.3226 14.29752888143151
ORBCOMM FM 18                 
1 25414U 98046B   20030.40499202  .00000024  00000-0  59443-4 0  9993
2 25414  44.9962  78.4562 0005405 205.2276 154.8307 14.32957229122133
ORBCOMM FM 19                 
1 25415U 98046C   20030.43769428 -.00000013  00000-0  46363-4 0  9993
2 25415  44.9966  78.7942 0004114 204.2871 170.2291 14.32922739122131
ORBCOMM FM 20                 
1 25416U 98046D   20030.44258176  .00000004  00000-0  52540-4 0  9991
2 25416  44.9964  78.9954 0002085 244.7291 115.3339 14.32913872122259
ORBCOMM FM 15                 
1 25418U 98046F   20030.44862815  .00000048  00000-0  68349-4 0  9996
2 25418  44.9994  80.8946 0005195 221.7160 152.9642 14.32954943122137
ORBCOMM FM 14                 
1 25419U 98046G   20030.47981134  .00000011  00000-0  54900-4 0  9994
2 25419  44.9990  80.5284 0003855 219.9638 275.2989 14.32965207122134
ORBCOMM FM 13                 
1 25420U 98046H   20030.44456851 -.00000008  00000-0  48031-4 0  9991
2 25420  44.9996  81.7938 0005842 206.4705 153.5844 14.32815877121195
ORBCOMM FM 21                 
1 25475U 98053A   20030.45237148  .00000002  00000-0  51655-4 0  9995
2 25475  45.0088 165.3215 0001773 176.3594 183.7266 14.32907225115203
ORBCOMM FM 23                 
1 25477U 98053C   20030.45258687 -.00000034  00000-0  38766-4 0  9992
2 25477  45.0090 166.6620 0002581 162.6195 197.4740 14.32773664115369
ORBCOMM FM 27                 
1 25481U 98053G   20030.41878839 -.00000051  00000-0  32614-4 0  9995
2 25481  45.0062 166.2683 0001281 213.8987 146.1778 14.32874664115647
ORBCOMM FM 30                 
1 25980U 99065A   20030.26538067 -.00000019  00000-0  44395-4 0  9995
2 25980  45.0344 341.6115 0008025 301.6150  58.3913 14.32840861 52393
ORBCOMM FM 31                 
1 25981U 99065B   20030.25421262  .00000057  00000-0  71847-4 0  9996
2 25981  45.0256 336.7279 0005335 321.3482  38.6982 14.32846172 52028
ORBCOMM FM 32                 
1 25982U 99065C   20030.26702222 -.00000092  00000-0  17780-4 0  9992
2 25982  45.0195 340.2100 0007840 325.1227  34.9105 14.32058561 52838
ORBCOMM FM 36                 
1 25984U 99065E   20030.25206773  .00000085  00000-0  82131-4 0  9996
2 25984  45.0394 344.8794 0003795 258.3253 101.7167 14.32819102 52917
ORBCOMM FM 35                 
1 25985U 99065F   20030.27384797  .00000002  00000-0  51721-4 0  9992
2 25985  45.0423 346.1891 0004894 322.5344  37.5161 14.32881806 52730
ORBCOMM FM 34                 
1 25986U 99065G   20030.30239846 -.00000037  00000-0  37735-4 0  9999
2 25986  45.0419 345.7618 0005269 286.2677  73.7590 14.32804488 52964
ORBCOMM FM 109                 
1 40086U 14040A   20030.35966247 -.00000059  00000-0  24736-4 0  9995
2 40086  47.0035 259.1495 0002656 307.8043  52.2600 14.54788029294927
ORBCOMM FM 107                 
1 40087U 14040B   20030.31367827 -.00000053  00000-0  26022-4 0  9995
2 40087  47.0054 259.9473 0002579 316.3042  43.7637 14.54786502294919
ORBCOMM FM 103                 
1 40091U 14040F   20030.33679237 -.00000059  00000-0  24678-4 0  9994
2 40091  47.0057 260.1326 0002649 306.8231  53.2410 14.54788531277976
ORBCOMM FM 114                 
1 41179U 15081A   20030.45420818 -.00000227  00000-0 -14200-4 0  9998
2 41179  47.0040 169.4581 0002269 354.8171   5.2690 14.54782274218277
ORBCOMM FM 110                 
1 41182U 15081D   20030.43065655 -.00000236  00000-0 -16164-4 0  9995
2 41182  47.0026 169.1421 0001649 200.8657 159.2161 14.54786055218268
ORBCOMM FM 118                 
1 41183U 15081E   20030.40841149 -.00000237  00000-0 -16430-4 0  9990
2 41183  47.0048 169.2672 0001431 211.6320 148.4478 14.54780485218271
ORBCOMM FM 112                 
1 41184U 15081F   20030.45458816 -.00000056  00000-0  25312-4 0  9998
2 41184  46.9998  78.2264 0000753  47.0619 313.0328 14.54750921219477
ORBCOMM FM 113                 
1 41185U 15081G   20030.43324017 -.00000062  00000-0  23839-4 0  9991
2 41185  47.0023  78.3137 0000675  85.5991 274.4970 14.54747594219477
ORBCOMM FM 115                 
1 41186U 15081H   20030.27479381 -.00000058  00000-0  23915-4 0  9999
2 41186  47.0011 342.2001 0000720 329.9829  30.1015 14.58604539220715
ORBCOMM FM 108                 
1 41187U 15081J   20030.25544680 -.00000070  00000-0  22217-4 0  9991
2 41187  47.0064 349.9263 0002844 311.4850  48.5790 14.54781112220618
ORBCOMM FM 117                 
1 41188U 15081K   20030.28978643 -.00000067  00000-0  22820-4 0  9991
2 41188  47.0024 349.1939 0003293 328.1885  31.8800 14.54767387220625
ORBCOMM FM 116                 
1 41189U 15081L   20030.40922782 -.00000055  00000-0  25482-4 0  9993
2 41189  47.0025  78.2440 0000798  50.5818 309.5137 14.54759370219475
