DMSP 5D-2 F14 (USA 131) 
1 24753U 97012A   19271.57061905  .00000028  00000-0  37487-4 0  9996
2 24753  99.0325 279.8551 0007990 226.0282 134.0232 14.15866448161263
NOAA 15                 
1 25338U 98030A   19271.51319720  .00000032  00000-0  32302-4 0  9998
2 25338  98.7426 292.5741 0009540 311.0785  48.9570 14.25932523111756
DMSP 5D-3 F15 (USA 147) 
1 25991U 99067A   19271.54431067 -.00000107  00000-0 -31340-4 0  9992
2 25991  98.9302 236.4442 0010548 124.5232 346.5189 14.16514593 23225
METEOSAT-8 (MSG-1)      
1 27509U 02040B   19268.96001775  .00000125  00000-0  00000+0 0  9997
2 27509   6.2590  55.1670 0000687  42.9484 293.4857  1.00277357 62618
DMSP 5D-3 F16 (USA 172) 
1 28054U 03048A   19271.59029465 -.00000075  00000-0 -16073-4 0  9999
2 28054  98.8778 247.0250 0006521 247.6321 228.2325 14.13675752822756
NOAA 18                 
1 28654U 05018A   19271.57270884  .00000114  00000-0  86540-4 0  9993
2 28654  99.0856 320.0174 0013380 249.4739 110.4996 14.12454804739893
METEOSAT-9 (MSG-2)      
1 28912U 05049B   19271.22565694 -.00000000  00000-0  00000+0 0  9999
2 28912   3.8698  70.9491 0001051 109.2684 271.1219  1.00267505 50470
HIMAWARI-7 (MTSAT-2)    
1 28937U 06004A   19271.06646792 -.00000263  00000-0  00000+0 0  9990
2 28937   0.0101 110.9778 0003758  80.0087 344.5557  1.00272721 49741
FORMOSAT-3 FM6          
1 29047U 06011A   19270.44452164  .00000029  00000-0  27715-4 0  9996
2 29047  71.9771 288.8241 0049452 159.4770 200.8369 14.28695222703634
FORMOSAT-3 FM1          
1 29048U 06011B   19271.15692408  .00000053  00000-0  37267-4 0  9993
2 29048  71.9670 198.5907 0041962 114.3196 246.2330 14.28652500706209
FORMOSAT-3 FM5          
1 29049U 06011C   19271.24271028  .00000033  00000-0  29314-4 0  9997
2 29049  72.0227   8.5672 0033820 144.8912 215.4463 14.28738020702008
FORMOSAT-3 FM3          
1 29050U 06011D   19270.90326610  .00000150  00000-0  41809-4 0  9992
2 29050  72.0163 182.2748 0047944  83.4664 277.1943 14.58834609717891
FORMOSAT-3 FM4          
1 29051U 06011E   19270.96810679  .00000032  00000-0  28402-4 0  9995
2 29051  72.0035 271.6828 0067697  18.6822 341.6775 14.28764633704550
FORMOSAT-3 FM2          
1 29052U 06011F   19270.77649231  .00000047  00000-0  34423-4 0  9995
2 29052  72.0363 345.4936 0038190 103.7625 256.7767 14.28864189702853
GOES 13                 
1 29155U 06018A   19271.50530727  .00000104  00000-0  00000+0 0  9990
2 29155   0.0478  62.6583 0008269 182.9318 148.8373  0.99985107 48914
METOP-A                 
1 29499U 06044A   19270.97057824  .00000006  00000-0  22196-4 0  9998
2 29499  98.5645 321.2309 0000719  73.1024 340.6634 14.21483920671279
DMSP 5D-3 F17 (USA 191) 
1 29522U 06050A   19271.54079492  .00000017  00000-0  31991-4 0  9996
2 29522  98.8180 286.7036 0009633 199.4481 160.6326 14.14002497665570
FENGYUN 3A              
1 32958U 08026A   19271.41220495 -.00000022  00000-0  90219-5 0  9991
2 32958  98.3860 266.1064 0009372  25.8579 334.3071 14.18608046587532
FENGYUN 2E              
1 33463U 08066A   19270.90668394 -.00000218  00000-0  00000-0 0  9995
2 33463   3.7988  69.0749 0004344 263.6544  86.3653  1.00277089 39474
NOAA 19                 
1 33591U 09005A   19271.56008970  .00000037  00000-0  45131-4 0  9998
2 33591  99.1874 265.1817 0014990  92.6153 267.6734 14.12377929548298
GOES 14                 
1 35491U 09033A   19271.47970281 -.00000116  00000-0  00000+0 0  9993
2 35491   0.3268 278.4546 0012325 298.8554 218.1269  1.00271761 37557
METEOR-M 1              
1 35865U 09049A   19271.47042515  .00000013  00000-0  24529-4 0  9997
2 35865  98.4187 265.0276 0001422 214.0925 146.0163 14.22208628520537
DMSP 5D-3 F18 (USA 210) 
1 35951U 09057A   19271.51800133  .00000030  00000-0  38303-4 0  9999
2 35951  98.6265 265.5545 0011940  43.5155 316.6958 14.13222390512868
GOES 15                 
1 36411U 10008A   19271.58584764  .00000028  00000-0  00000+0 0  9990
2 36411   0.3330 279.3194 0002970 266.0971 264.8946  1.00282149 35060
COMS 1                  
1 36744U 10032A   19271.48986653 -.00000366  00000-0  00000+0 0  9994
2 36744   0.0234 116.1548 0000718  95.6052  99.7435  1.00270732 34044
FENGYUN 3B              
1 37214U 10059A   19271.47870082  .00000005  00000-0  25842-4 0  9998
2 37214  99.0113 244.6362 0016380 294.6160  65.3310 14.15925000460460
SUOMI NPP               
1 37849U 11061A   19270.86194583 -.00000006  00000-0  17647-4 0  9999
2 37849  98.7058 207.7080 0000824  65.3769   0.8138 14.19552364410234
FENGYUN 2F              
1 38049U 12002A   19270.91235427 -.00000377  00000-0  00000-0 0  9999
2 38049   1.4616  82.9731 0000985 228.7176 135.2494  1.00267778 28285
METEOSAT-10 (MSG-3)     
1 38552U 12035B   19271.36855005  .00000040  00000-0  00000+0 0  9999
2 38552   1.1010 345.3842 0001706 228.9548 294.7787  1.00265025 26619
METOP-B                 
1 38771U 12049A   19271.53154887  .00000003  00000-0  21403-4 0  9990
2 38771  98.6930 329.3877 0001751  63.6237  72.3484 14.21497224364662
FENGYUN 3C              
1 39260U 13052A   19271.45553055 -.00000008  00000-0  17186-4 0  9999
2 39260  98.5927 326.8029 0010086 249.1772 110.8322 14.15873037311404
METEOR-M 2              
1 40069U 14037A   19271.34916227 -.00000035  00000-0  33481-5 0  9991
2 40069  98.5416 313.3259 0005312 335.4247  24.6678 14.20664821270858
HIMAWARI-8              
1 40267U 14060A   19270.91802459 -.00000297  00000-0  00000-0 0  9996
2 40267   0.0333 200.0687 0000756  12.2956 265.1897  1.00273337 18144
FENGYUN 2G              
1 40367U 14090A   19270.90982442 -.00000322  00000-0  00000-0 0  9999
2 40367   1.4632  98.8165 0002042 258.7243  76.0292  1.00268659 17421
METEOSAT-11 (MSG-4)     
1 40732U 15034A   19271.37410719 -.00000017  00000-0  00000+0 0  9999
2 40732   0.8382 251.1041 0002336 255.4050 355.9041  1.00282239 15435
ELEKTRO-L 2             
1 41105U 15074A   19271.89290898 -.00000117  00000-0  00000+0 0  9990
2 41105   0.5794 103.0035 0000862  80.1768 221.6221  1.00269907 13921
HIMAWARI-9              
1 41836U 16064A   19271.49239635 -.00000297  00000-0  00000+0 0  9998
2 41836   0.0408  31.8236 0000889 154.5566 138.6358  1.00270660 10698
GOES 16                 
1 41866U 16071A   19271.49135706 -.00000270  00000-0  00000+0 0  9994
2 41866   0.0103  25.1745 0000380 216.9151 226.5907  1.00272251 10508
FENGYUN 4A              
1 41882U 16077A   19270.99183494 -.00000352  00000-0  00000-0 0  9991
2 41882   0.1754  88.7051 0002048  28.0812 351.4748  1.00274139 10376
CYGFM05                 
1 41884U 16078A   19271.33765006  .00000399  00000-0  22895-4 0  9998
2 41884  34.9561 254.1506 0016271 217.6630 142.2943 15.14452186154192
CYGFM04                 
1 41885U 16078B   19270.34199963  .00000337  00000-0  19338-4 0  9992
2 41885  34.9493 254.9505 0014613 216.8004 143.1704 15.14955802154095
CYGFM02                 
1 41886U 16078C   19270.40089174  .00000334  00000-0  19197-4 0  9992
2 41886  34.9585 256.1358 0015363 214.0511 145.9215 15.14958384154099
CYGFM01                 
1 41887U 16078D   19271.33984999  .00000385  00000-0  22249-4 0  9993
2 41887  34.9529 254.8709 0016736 218.7439 141.2072 15.14267250154183
CYGFM08                 
1 41888U 16078E   19270.41484373  .00000340  00000-0  19619-4 0  9991
2 41888  34.9499 257.5001 0015882 215.6705 144.2945 15.14674285154067
CYGFM06                 
1 41889U 16078F   19270.37843360  .00000342  00000-0  19608-4 0  9992
2 41889  34.9579 254.9557 0014308 213.9033 146.0765 15.14949066154096
CYGFM07                 
1 41890U 16078G   19270.35681744  .00000386  00000-0  21899-4 0  9991
2 41890  34.9518 254.3063 0014058 216.3716 143.6040 15.14948216154099
CYGFM03                 
1 41891U 16078H   19271.34021647  .00000444  00000-0  24956-4 0  9994
2 41891  34.9549 248.3677 0013612 224.0295 135.9332 15.14949196154244
FENGYUN 3D              
1 43010U 17072A   19271.49486784  .00000001  00000-0  21151-4 0  9990
2 43010  98.7189 209.2245 0002246  98.0116 262.1312 14.19727219 96886
NOAA 20                 
1 43013U 17073A   19271.44750247  .00000002  00000-0  21580-4 0  9994
2 43013  98.7258 208.0819 0001253  68.2262 291.9048 14.19544090 96349
GOES 17                 
1 43226U 18022A   19271.58905439  .00000076  00000-0  00000+0 0  9995
2 43226   0.0106 100.3826 0000264  27.7652 313.7713  1.00269709  5832
FENGYUN 2H              
1 43491U 18050A   19271.09858453 -.00000148  00000-0  00000+0 0  9990
2 43491   1.2800 280.2518 0003381 253.6299 307.1381  1.00269284  4909
METOP-C                 
1 43689U 18087A   19271.76323222 -.00000044  00000-0  00000+0 0  9999
2 43689  98.6947 329.9423 0002774  49.1301 311.0135 14.21495708 46279
GEO-KOMPSAT-2A          
1 43823U 18100A   19271.48986653 -.00000365  00000-0  00000+0 0  9993
2 43823   0.0307  46.9842 0001501  76.2258 188.3815  1.00272335  3057
METEOR-M2 2             
1 44387U 19038A   19271.49839902 -.00000046  00000-0 -11776-5 0  9990
2 44387  98.5794 232.3701 0001614 155.1776 204.9481 14.23334333 12125
