MUOS 1                  
1 38093U 12009A   20030.41764737 -.00000123  00000-0  00000-0 0  9996
2 38093   2.5532   2.7368 0058049   4.6004 172.1223  1.00271924 29081
MUOS 2                  
1 39206U 13036A   20030.38875958  .00000070  00000-0  00000-0 0  9998
2 39206   2.7041 352.4740 0052940 182.3994 277.0982  1.00270772 23845
MUOS 3                  
1 40374U 15002A   20030.36286316 -.00000123  00000-0  00000-0 0  9993
2 40374   2.9570 343.7278 0051983 182.0209  78.4803  1.00271262 18230
MUOS 4                  
1 40887U 15044A   20030.41577403 -.00000087  00000-0  00000-0 0  9993
2 40887   3.1110 340.6434 0057753 359.0867  14.0755  1.00272419 16212
MUOS 5                  
1 41622U 16041A   20030.36563362 -.00000133  00000-0  00000-0 0  9994
2 41622   7.5413 308.7646 0198927 215.2910 351.6115  1.00272885 13725
